r is  [ 6.59478964  0.63806923  0.41393259  8.27878524  0.10874106  0.26905496
  6.63970753  0.97220761  0.22335555  4.74792389  0.0353898   0.10013088
 -1.25890811 -0.69279388  0.2134445   6.91764813  0.11689569  0.14462882
  3.3551267   0.36736279  0.23745852  0.44791565  0.37650238  0.16652299
  0.42865993  0.7750071   0.49133741]
weights is  [ 6.59478964  0.63806923  0.41393259  8.27878524  0.10874106  0.26905496
  6.63970753  0.97220761  0.22335555  4.74792389  0.0353898   0.10013088
 -1.25890811 -0.69279388  0.2134445   6.91764813  0.11689569  0.14462882
  3.3551267   0.36736279  0.23745852  0.44791565  0.37650238  0.16652299
  0.42865993  0.7750071   0.49133741]



r2 is 
r is  [ 0.93729132  6.46284183  0.59751722  0.02687185  8.29158771  0.40334012
  0.59266189  6.86164796  0.78016216 -0.22017214  4.74269386 -0.60966791
  0.15136383  0.3804086   0.20897725  0.41426822  6.3323203   0.64039452
  0.1334194   2.89370163  0.77631985  0.16878807  0.48677897  0.67278622
  0.03074749  0.17259921  0.38397193]
weights is  [ 0.93729132  6.46284183  0.59751722  0.02687185  8.29158771  0.40334012
  0.59266189  6.86164796  0.78016216 -0.22017214  4.74269386 -0.60966791
  0.15136383  0.3804086   0.20897725  0.41426822  6.3323203   0.64039452
  0.1334194   2.89370163  0.77631985  0.16878807  0.48677897  0.67278622
  0.03074749  0.17259921  0.38397193]

r3 is 
weights is  [ 0.90759588  5.17365172  0.8771005   0.43324404  6.86819509  0.87008563
  0.60639639  5.16273361  0.17210085  0.02747048  1.18775725  0.46268714
  0.39770698  0.32458757  0.4958771   0.82629336  5.08860071  0.20892782
  0.77898644  3.59377154  0.22604133  0.7976902   0.7246625   0.60428786
  0.78655751  5.14956047  0.20839334]
